4497
1780
3189
2467
2525
3603
3719
2697
2299
3011
4265
3577
5109
2473
3356
1811
2727
2621
3080
2595
2592
1418
2719
3546
2733
2976
2575
2946
3527
2221
3472
2502
2636
3244
1988
2976
3999
2948
1887
4013
4181
2960
2619
3052
1922
4242
2624
3603
2068
2847
3185
1500
2801
1613
5650
2618
2301
4349
1904
2277
3309
3957
2970
2753
2315
4109
3283
3549
3699
4609
2742
2436
5650
3515
2417
2590
3569
2785
2437
2098
2612
2995
1703
3262
2722
2091
3651
4151
3017
3343
1551
2907
1567
1693
3237
2899
5606
3226
2773
3609
3071
4561
2576
3647
1817
2911
1981
3551
1906
3443
3244
2758
2057
2665
2973
2886
3009
3409
3356
3807
3475
1917
2200
3012
2760
4047
1754
3478
2812
4361
4417
3702
4190
2850
2419
2645
1347
2186
2246
2694
2220
4578
2876
3653
2963
2919
3151
2495
2765
3374
3032
2816
2874
3578
3920
2642
2510
3167
4257
4367
3288
3908
2197
18000
2468
3034
2723
2694
3969
3626
2756
3132
2455
3089
5356
2575
3058
2702
2565
4068
1704
2192
2488
2951
3263
2555
2447
2788
3448
1628
3799
1874
1342
2719
2491
2895
2022
2424
2996
2192
2368
2356
1946
2959
2498
1781
3203
2578
3727
3720
2680
3278
3290
1473
2641
3347
5259
3517
2360
1368
3950
3474
3575
4459
3336
4222
3220
2286
3306
3750
2095
5490
2869
2092
4509
2473
2296
2260
2511
9761
8518
4155
3038
4353
3703
4401
2748
6533
2400
2319
3800
3358
3713
3204
2684
3374
3618
3116
2041
2294
2765
2261
2828
3875
3564
2870
2707
2786
3769
3777
3283
2772
3585
1920
3330
2707
2838
2423
2551
2581
3889
2924
2439
3371
4374
8140
5646
4024
5246
2457
3466
1750
3243
1623
3425
2677
3160
3631
2155
3076
3039
2807
2913
2209
2311
3136
9054
2482
3433
3486
2499
5287
2562
3021
3323
2481
2372
2917
2859
2846
3032
3198
4833
2356
4917
2721
2082
6908
5508
2588
3341
2547
3204
6554
4882
4060
2500
5098
3471
5183
1924
11267
9104
2340
2911
2843
1558
1897
4649
2662
2584
3455
3349
3949
4032
3114
4440
3193
3660
3228
3701
2589
3170
2725
4093
3953
2665
4326
1703
4878
3442
4225
3234
3962
2308
2144
3081
1607
2816
2232
2601
2035
3227
4791
12000
2469
2350
3586
3258
4309
2659
4042
3590
3400
2752
2736
2528
2907
6327
3182
4797
2648
3119
2844
12237
3622
3004
9835
2895
3770
2359
3292
2539
2117
3294
3967
2126
2366
3509
5147
3159
4141
3922
4108
2465
4607
3058
2130
3160
4003
7275
3220
6818
2162
6440
4763
5526
2248
2042
1830
2658
5585
3355
14287
4682
3623
2928
1983
1998
2693
4039
3526
3251
3970
5167
5311
2572
3396
13488
2055
6641
2659
4518
3400
8421
3916
4322
2288
2411
2151
3131
2345
2947
2243
3896
2413
3301
5139
5878
3973
4526
2266
3735
3127
2681
3748
1918
2674
4365
2005
3535
4550
3066
3687
4474
4941
5028
2951
4701
5475
3257
3648
3223
4739
1429
2331
5455
5177
4780
3899
6318
4523
2590
7601
11262
3073
1271
2775
3344
2200
3411
7065
2364
3879
2769
2723
3350
6183
4170
3535
2508
4604
6005
3582
2493
10713
3161
3244
4159
2396
13362
3919
3691
4077
2803
1997
3110
1332
2471
1859
3583
3110
2740
7463
4419
3701
3826
3667
3258
2812
4154
3882
2791
3317
2493
2125
3222
1752
2011
2966
5247
3399
2623
3302
3259
1723
3103
4013
2835
3425
4217
3611
3342
2500
2852
1557
1995
3120
4902
3176
1421
3747
3433
2465
2651
3683
1862
3519
2197
2956
2956
2319
3086
2982
2796
4184
2011
2883
2021
3923
3024
1954
3159
2843
2392
3046
3021
4679
3329
3145
2427
4002
3402
1656
3374
3238
2382
2827
3845
5252
2564
3487
2711
3305
2377
3059
3244
2918
6772
3400
2170
4691
2921
3673
3903
2402
4259
3590
3264
4763
4549
3057
3670
5521
3292
4767
3131
2884
4306
3880
3599
3734
6193
3131
4242
3829
2433
3665
4073
1883
4637
4527
2293
3387
2949
4100
2334
3472
6173
2474
2557
3393
1799
3738
3952
3447
9221
2968
3266
3084
2491
4156
3828
4391
3299
7778
2970
2806
5044
2371
3175
4075
4139
2475
2973
5004
2829
2614
2422
6180
5847
3713
2916
4671
3495
2844
2723
3855
2337
3642
2160
4143
1884
3328
6550
2627
2505
4025
4234
3520
4224
4088
2793
2421
4166
3925
3349
3129
3080
4140
3154
2974
3064
4195
3576
4081
5361
3132
4222
2451
5477
5713
3917
2909
3681
7205
2394
2989
3623
3296
2504
3897
3330
3445
7898
4327
2840
2767
3899
1448
4037
4340
4747
3472
3669
2821
1655
3997
2263
3005
4798
4165
3879
3306
4244
2863
3605
8365
3118
2714
2969
5191
4301
4363
3835
2610
3755
2612
2253
2822
2787
3637
3264
3954
2924
2579
4294
3020
4130
3017
3963
3267
7580
3093
3538
7176
4036
2711
6100
4142
3057
2479
5373
3224
6238
2993
3166
2761
3951
3604
2441
3288
3257
3676
2623
3316
4477
3902
3289
3088
4751
4253
4603
4143
3754
3036
2926
3355
2263
2524
4572
3831
3629
9804
3640
3959
3629
2444
2085
2591
3132
3652
2954
4932
7010
3078
4121
2187
4103
3507
2948
2816
2867
4957
4838
2507
3079
3044
4670
3105
3313
1255
3148
4287
3027
3701
3270
1875
3565
4085
2825
1892
3034
2939
1803
3810
3131
2932
2630
3075
3634
2522
2685
2391
3400
3270
4444
5368
3174
2916
2548
3162
2559
8649
2329
2317
2772
1817
2111
1934
2566
3159
2875
4120
4547
2979
5293
3424
3559
2805
3190
2742
4330
1748
2451
2101
2272
2988
5092
2629
3897
2178
1837
3024
2803
2783
3312
2171
1423
1480
2712
2774
3779
3025
2603
3884
3403
3760
3439
2079
2512
3360
8348
1860
2252
3871
3828
3093
2903
3819
3157
3088
2879
2408
6922
8047
1482
2644
1619
9017
2766
2987
2420
3552
3066
3375
4653
2521
4560
4369
2778
2014
4396
4158
3236
1963
2680
2226
2420
1969
2970
2561
2989
2898
4634
2378
5068
2818
2349
4078
2783
4672
3463
3638
3321
2573
3198
3958
3402
3660
3908
2350
3959
3401
2819
3719
1775
3021
4109
2626
1431
3484
3888
2642
3444
2417
1838
3406
2589
3921
4496
2634
3031
3321
3111
3601
3842
4331
6408
1586
2671
2277
5292
3110
3626
3413
4330
3826
4069
3759
4893
4235
6342
4580
3632
5413
2740
3656
2626
4494
4458
4186
3035
2131
3277
2765
5112
3101
3382
3619
4890
3349
1509
2356
3825
4214
3197
3644
5067
3933
2922
3329
4156
3423
3147
4600
3251
5311
2519
3302
5161
7660
4828
3179
4125
1927
3737
3158
4412
3321
4810
2914
3785
3248
4776
10039
3643
4656
3357
4009
3678
2536
2546
3717
3396
4497
2658
2268
2367
4575
3584
4552
3853
4324
6500
3151
3302
3771
2106
2350
4736
2833
2947
3101
3472
2748
3139
4043
2088
2979
2535
3272
4028
4107
3606
2268
2417
4080
3250
2977
2561
5021
2525
3825
2622
3357
4051
4408
2888
2791
4136
5486
3042
4123
2443
3027
2445
1630
3818
3865
3777
4555
2299
2987
11435
3307
4830
3989
5390
2180
12239
1651
4937
2789
6572
3143
2961
3812
3767
2145
2893
2728
3037
2765
4480
4914
4288
3569
2513
3537
2427
4894
3953
2870
3476
2689
2813
2349
2964
4247
3074
8239
3822
2889
2349
3740
2968
2930
3229
5990
2478
3977
2202
2526
2483
5122
3838
2877
4790
3780
3942
3363
2208
3601
1505
1211
2061
3065
9006
1849
3279
1742
10221
2936
3496
2590
3054
3493
3041
1985
2036
2351
3041
2525
3196
2175
3367
2819
3466
3954
3904
1847
1443
3501
3203
2540
2577
3605
2449
3091
3057
2640
4088
4626
3294
2814
4207
2144
2838
3297
3156
3265
3987
2635
3671
3476
4900
4226
4656
4062
2650
2759
10980
2923
3360
5050
3755
3627
3306
3703
2306
2204
4475
10208
5620
2955
2583
4163
2226
3701
2723
4379
2324
2564
2071
3140
2996
2865
1772
3878
3944
12493
2427
2925
3463
2496
4212
3122
2807
4260
3395
7317
3370
3068
2696
2955
3452
3770
4057
4888
4026
3751
3898
3263
3481
3286
3898
2990
4166
4939
4155
3082
3403
2953
2971
3486
4142
3611
4894
3737
3307
2910
5384
3352
3167
3536
2797
3209
4039
2944
3395
2982
3993
4930
3140
4684
3209
3755
4296
8824
3121
4417
3257
3265
1832
5116
3857
3517
15913
3534
4377
3760
3313
3658
3451
4346
3006
3210
3979
4004
3263
4487
2918
3318
5848
2444
4556
3068
4141
4112
2441
3620
4939
4759
2245
2902
3963
4471
1961
4267
4117
1978
3747
3201
2387
2886
3247
2080
2426
3249
2924
2665
2442
2320
5297
2415
2865
3181
2171
4466
1772
2113
2208
2241
2462
1897
2771
2179
4492
4046
3758
4255
3349
3890
3300
4412
4374
4792
2660
2027
2431
4836
4951
3755
2689
2892
3486
4150
5333
4074
7385
3152
2301
3292
2430
2551
3555
4423
4326
3646
4090
2400
2704
4290
3274
3870
3148
8601
6220
4790
3449
5159
3458
3730
2573
1893
3501
4476
4209
2906
4878
8000
3904
3579
5499
4204
3698
10863
2028
1967
3007
3136
3858
5197
4865
3006
5785
5078
5314
7703
8523
5207
4784
7294
2885
2596
5454
6355
4136
3731
3400
2274
2540
2407
7697
4686
6717
3600
5565
4366
3291
7341
3616
2423
8219
2566
2854
3005
2226
3771
6699
3880
3085
3140
4037
4651
3428
3967
2487
4128
2198
2939
3097
1960
3387
4220
3236
3788
3842
2899
4444
4347
2608
5276
2375
6219
3666
2634
3520
3543
3590
5494
4130
3648
3795
6295
3869
4769
4150
4153
1847
4210
2419
3463
3480
2934
2676
5065
3711
5034
2903
4704
2507
3779
3928
5201
5919
3840
4272
3555
3332
5670
3673
3288
3650
4241
3154
3535
2228
2493
3078
3091
4942
4169
7620
7013
4262
4820
4529
3402
3604
2084
4280
5829
3473
3954
2343
2327
2108
3801
3432
2912
3636
4422
3478
8121
2315
3102
3383
2679
2539
4443
4164
2543
4223
4585
3259
2465
3831
4947
2976
4279
4489
3916
4401
3500
4823
3734
3065
2624
6663
2181
3069
5399
6797
2657
3098
3119
4877
3268
2792
3056
1587
5614
1855
2262
3757
3357
1728
3119
3819
2509
2535
2651
2935
2803
5294
3368
2721
4340
3644
2188
4032
3551
3142
3943
4841
2574
3802
3823
3627
3891
2771
1978
2754
3596
2683
2388
2587
3241
3707
2589
4253
2090
3343
2898
3207
2437
2883
2095
3552
2523
3617
3193
2678
2843
2607
2376
3616
3065
2508
2234
1972
1418
2562
2717
2575
2815
3702
1723
2903
3400
3345
3351
2631
2852
3546
2804
4196
2443
1904
2568
3140
3749
4954
1608
4278
2828
3365
1939
4692
2454
2306
2155
2348
6553
2339
2603
2775
2300
3616
3166
3350
5705
5386
2890
2542
1995
3678
4201