713000
3010000000
41100000
1170000000
1250000000
281000000
152000000
5770000
130000000
107000000
21500000
10300000
114000000
97300000
568000
156000000
5780000
49300000
695000000
1420000000
10300000
6230000
39400000
64000000
369000000
25200000
46600000
437000000
13700000
762000000
965000
20500000
23900000
318000000
16400000
27000000
14500000
323000000
175000000
25300000
1210000000
22600000
161000000
8180000
36300
17100000
10900000
88700000
1040000
1320000
39600000
638000
240000
499000000
313000
7910000
6960000
3100000
396000
11300000
22900000
18100000
4810000
4140000
718000
36900000
168000
3620000
3050000
4270000
1320000000
179000
61400
3040000
2950000
786000
1290000
700000
388000
114000
1230000
852000
1160000
12100000
719000
963000
680000
449000
531000
562000
341000
543000
2600000
338000
497000
107000
363000
455000
292000
299000
187000
648000
624000
137000
106000
72500
7440000
25200
1080000000
62400
423000
261000000
1650000000
421000
2070000000
30600000
3530000000
396000000
253000
11900
451000
5490000
6580000000
40900000
1470000000
130000000
3610000000
14000000
21300000
33600000
120000000
292000
145000
28500000
31700
954000000
798000000
1960000000
1580000000
124000000
59400000
107000000
333000000
76900000
13000000
212000000
499000000
688000000
487000000
18600000
223000000
77800000
441000000
3360000000
221000000
1660000000
756000000
84200000
73300000
140000000
3930000000
372000000
25270000000
31400000
330000000
498000000
13700000
15100000
7010000
796000
5100000
47400000
11500000
579000
5320000
40500000
1110000000
407000000
317000000
213000000
1970000000
326000000
337000000
118000000
539000000
1130000000
3640000
10700000
642000000
132000000
28800000
12900000
119000000
5400000
6530000
64600000
106000000
30900000
155000
84900
25000000
12700000
32100000
229000
3370000
23900
810000000
146000
1100000
28000
302000000
49100
13400
23700
59800
2420000000
153000
9100000
98800
213000
506000000
505000000
3300000
27600000
102000000
1490000000
27100000
270000000
172000000
151000000
136000000
549000000
102000000
173000000
282000000
2220000
855000
73300000
9050000
459000000
111000000
40000000
38600000
20300000
305000
1140000000
15100000
16400
16100000
14500
198000000
172000
945000
195000
753000
14300000
736000
818000
40400000
373000000
538000
8250
6160000
455000
18000000
638000
19300000
185000000
5040000
392000000
24600000
138000
380000000
1540000000
453000000
1380000000
155000000
932000000
60300000
323000
30900000
825000000
5790000000
3640000000
49400000
410000
143000
14500000
17800000
1020000000
282000000
133000000
596000000
284000000
2030000000
11700000
435000
4240000
845000000
217000000
10500000
28900000
17700000
62300000
99900000
77200000
92700000
886000
1880000000
13300
2250000
2810000
5460000
10200000
34800000
11400000
3230000000
130000
181000000
436000000
13100000
1420000
1830000
319000
661000
288000
8930000
10500
115000000
25900000
455000000
27200000
137000000
28100000
2580000
54100
694000
288000
831000
25100000
912000000
18300000
1130000
181000000
1170000000
21800000
17400000
444000
855000000
1830000000
55200000
5790000
23500000
407000
4950000
5700000000
753000000
5250000
38500000
1570000
1070000000
468000
211000
35800000
1200000
85000000
3940000
533000
1000000000
144000000
42500000
99800
106000000
10800000
228000000
8840000
29700000
43500000
25500
2720000
3540000
286000000
360000000
58800000
138000000
243000000
1230000
334000
299000
24400
19100000
61800
195000
21100
488000
758000000
25900000
84300000
305000000
248000
162000
32400
47900
1680
1800000
67900
416000
5620000000
5990
397000
7010000000
401000000
456000000
596000000
72200000
25200
18000000
243000
6870
301000
74500
124000
1160000
5440000
434000
36100
1710000000
2410000
6130000
2460000
33200000
40400
4730000
41700000
526000000
986000
28000
59600
500000000
93000000
10900000
661000
1620000
31600
1540000000
21200000
2770000000
2780000000
658000
305000000
389000000
94500
33600
3690
15300
1850000000
3230000
714000
2170000
3830000
29800
456000
69800
1260000000
9750000
3200000
3380000
3750000
46500000
166000000
20200000
61700
47300
216000
277000000
2670000
952000
363000
9230000
7810000
12700000
301000000
82500
5730
2250000
3710000
82100000
92200
1060000
3720000
802000000
56000000
460000
48800
72600000
563000
240000
2610000000
14400000
383000
574000000
116000
39000
819000
21100000
28400
84600
2700000
48500
23800
409000
240000
13500000
907000000
32900
21700
1320000
132000
53300
28000000
373000
159000000
6240000
778000
1960000
7590000
2990000
847000000
9490000
167000000
13400000
219000
2470000
4820000
538000000
21500000
15900000
95900000
407000
340000000
14100
5440000
1880000
75500000
1090000000
9870000000
2040000000
223000000
13000000
38100000
27500000
713000
2830000
635000
42700000
37100000
29900
28300
38600000
237000
290000
2060000
645000
2900
493000
317000
305000
308000000
13700000
176000
118000
763000
3620000
167000
2560000
485000
958000
36900
12800000
4610
18200
225000
38600
625000
316000
12000
13900
130000
396000
16900
222000000
5470000000
147000000
19400
1630000000
113000
105000
4140000
2040000000
11700
39700
531000
1480000
1800000
90800000
20600
92700000
1190000
107000
12000000
65100000
412000
427000
110000
104000000
27400000
256000000
987000
435000000
41200000
491000
579000
86900
8500000
1630000000
964000
725000
11600000
19400000
8470
3290000
48500
236000
10900
2840000
7030000
47000000
41700
608000
195000
4670000000
860000000
99200000
17100000
10500000
10900000
422000
35800
7470000
2010000
10800000
77400000
183000
5950000
26000000
746000
1090000
33300
348000
5830
16400
200000
88100000
3120000
7380
10600000
4550000
532000
1360000
3590000000
46000000
512000
1060000
103000000
238000
20900000
7790000
640000
6540000
1410000000
21300000
113000
3490000
167000000
50100
5080000
4040000
1670000
21600
149000
507000000
46300
461000
2830000
18400000
1180000000
20200000
2160000
850000
2320000
1960000000
17400000
442000
724000000
17000000
20800
1740000
410000
30400000
144000
125000
8120000
3380000
3390000
149000000
56900000
17300
14100
7410000
927000
2310000000
25900
286000
157000000
355000
2290000
3190000
55800
294000000
609000
2240000
765000
71600
38100
656000
175000
54600
48400
6010000
34400
1910000
994000
74200
52000
207000
1510000
638000
46800000
464000
883000
160000000
15800000
526000
106000
51500
2160000
2390000
8890000
6200000
20800000
742000
91600
18800000
111000
19300000
13400000
283000
11500000
18400000
8960
58900
16900
20800
82000
141000
430000
17400
727000
767000000
5780000
75600
5180000
290000
279000
48000000
6650000
9870000
2680000
1150000
1150000000
214000
97600000
5700000
123000000
31000000
2980000000
3180000
2540000000
106000000
36500000
32700000
53900000
29300000
16000000
377000
341000
3090000
268000000
265000
678000
22700
171000
560000
16900
985000
476000
2050000
7550000
131000
287000
59400000
1100000000
62200000
28700000
43100000
11200000
92500
62300000
2800000000
53200000
2880000
112000
42000
1850000
19000000
17300000
24200
77300
5130000
62300
35100
111000
652000
10200000
1270000
79900
127000
434000
21100
2690000
63800
151000
270000
620000
345000
3660000000
421000000
2000000000
7260000
10100000
294000000
17600000
357000000
37700000
737000
1670000
138000000
1920000
2460000000
996000
28600000
1440000000
661000
36700000
150000000
23800000
1380000
11800000
5900
2010000
17800
328000000
9400000
3490000
39300000
20300000
43600
485000
22700
64600
590000000
9840000
809000000
116000
5120000000
222000000
15600000
1020000
4500000
66100
246000000
28400000
173000
502000
21000000
49500000
142000
314000000
14100
20300000
529000000
1890000000
2700000000
13000
45900000
1820000
4550000
815000
5860000
5370000
3760000000
39500000
196000
133000
575000
4940
429000000
593000
10500000
21600
967000
368000000
25800
89200
29400
335000
1540000
23200000
803000
93500000
6870000
342000000
5410000000
60100000
1050000
6780000000
423000000
596000
373000
1020000
884000
30100000
37600000
662000
267000
72300
55700000
3370000000
4860000
761000
191000
84300
16400000
9640000
63900000
731000
112000
6710
109000
272000
90800
2570000000
60000000
47000
37300000
120000
171000000
1250000000
12100000
70900000
66600000
9610000
646000000
19000
386000
74100
20500
543000000
202000
40200
2690000
51000000
972000
43000
3440000
8200000
30200000
230000
117000000
653000000
9960000000
30300000
36600000
10600000
607000
7500000000
336000000
233000000
42000
22200000
17100000
306000000
93500
217000000
99700000
20000000
224000
252000
91900000
180000000
36200000
80600000
72800000
579000000
631000
9620
1950000
35900000
10900000
54300000
41700000
25400000
526000000
769000
31900000
32200000
12600000
633000
20400000
10900000
12600000
1410000
1730000000
6680000
6820
7920000
422000
1310000
13300
146000000
841000000
29100000
21700000
32400000
6160000
594000
1220000
5510000000
3470000000
4040000000
823000000
615000000
144000000
468000
5550000
639000
31900000
5200000
481000
1330000000
224000
2000000
248000
527000
523000000
3070000
105000
793000000
1490000
155000
167000
19200000
87900
89000
36200
4380
2700000
440000
176000
240000
23700
2310000
177000
18500000
26400000
2820000
30100
7280
252000000
12300
532000
4680
10600
2220
3910000
361000000
6880000
27300
922000
6460000
385000
204000000
1960000
8830
11900
585000
18400000
517000
9490000
297000
2160000
729000000
2110000
463000
572000
201000
148000
6190000
806000
231000
14900
2480000
164000000
57700
38100
2080000
3760000
282000
58800000
71000
11500
72600000
76000000
67300000
159000000
2330
6740000
89500
22100000
540000000
192000
234000
7990000
12100000
17600
8690000
15370000000
81700
89200000
38600000
5040000
27700000
80400
24100
73900
33700
60300
225000000
154000
16100000
52200
17400000
35500
108000000
6070000
21200000
6860000
20100
15300
9370000
5560000
3040000
3280
618000
66300
3500
11000
62000000
86200
211000
591000
248000
3860000
408000000
515000
1650000000
236000
4920
1740
14800000
241000000
8480000
468000
108000
3110000
34400
625000
470000
399000000
189000000
26800000
1440000
915000000
54900000
387000
1520000
372000000
406000
82700
907000
23900000
478000
9690000
14000000
585000
2000000
18500000
128000
2080000
3060
67400000
44600000
37200
24000
802000
305000
38700000
46700
114000
13600
368000
689000000
136000000
888000000
343000000
1630000000
500000
28100000
533000000
957000000
5660000
3990000
171000000
224000
458000000
2040000000
198000000
556000
766000
200000000
1210000
156000000
725000
468000
83600
7300000
29400000
22000000
14300000
6100000
315000
74300
10400000
105000
10600
25200000
42100
33400000
7470000
54600
8410000
2520000
6460000
21400000
150000
580000
40200000
319000000
23900000
15100000
22400000
307000
99600000
17600000
50200000
85500000
599000
3620000
4030000
13900000
254000000
8210000
280000
156000000
370000
82600
184000
223000
317000000
102000000
15000000
58200
208000
129000
160000
83200000
7470000000
149000
197000
212000
168000
6310000000
32000000
1430000000
2090000000
29800000
877000000
1500000000
404000
171000000
102000000
2000000000
188000
13700
143000
7010
13100000
1580000
992000000
29600
3260000
1540000
717000000
67900
24600000
2580000
8090000
646000
194000
34000000
1440000
2310000
4550000
105000000
888000
2170000
375000
162000
108000
74700
10100000
98500000
49800
44800000
32900000
24000
19200000
32900
289000000
163000000
32000000
242000
26400000
533000
1090000000
2650000000
688000
946000000
68500
9000000
10700000
13900000
21100000
13900000
3750000000
377000
645000
105000
5810000
166000
501000000
7440000
5210000
102000000
947000000
21300
59200000
58000000
22900000
2210000
34800000
446000
1210000
49700
42300
249000
8080
160000
7300000
14400000
143000
12000
33000
85300
315000
1010000000
199000000
283000
744000
7590000
45200
145000
15200000
60200000
14500000
5000
272000
51700
4110000000
349000
54200000
25000000
951000
5400000
3780000000
211000000
57200
1030000
98600
35200000
11000000
2370000
931000000
382000000
20100000
4200000000
2900000
14300000
250000000
268000
8850000
21000000
150000000
90600
2220000000
52200000
3060000000
24900000
235000
477000
287000
3080000
129000
282000
5460000
268000
2120000
54700
30100
333000
54900000
2800000
625000
1040000
1240000
163000
171000
546000
33600000
4350000
4090000
98000000
108000
46400000
284000000
529000000
241000
353000
451000000
130000
5860000
4360000
155000
6760
2440000
1130000
1550000
6340000
341000
385000
18700000
2010000
28000000
6580000
17400000
610000
47500000
451000
177000
33100000
1490000
4210000
2520000
1170000000
37500
1400000
558000000
1460000
1640000
51500
7020
40700
2640000000
538000
59500
589000
16800000
43000
4740
1710
361000000
145000000
31600
18300
691000
53900
7440
4420
29800000
27200
509000
839000000
297000
469000
25100
6320000
24900000
23700000
662000
19900
71400
2540000
650000
18000
50200000
656000000
460000000
38300000
304000
247000000
17300
27000000
141000000
28000000
632000
40600000
575000
592000
80300000
212000000
58800
16100
51900000
56100000
753000000
57200
9590000
94000
2660000
128000
9970000
122000000
5390000000
359000000
149000000
14300000
10000000
954000
108000000
712000
43200000
39900000
5690000
4200000
6590000
56700000
5680000
2250000
7930000
280000
324000000
2910000
303000000
85300000
12700000
9970000
441000000
1170000000
75200000
152000000
151000000
44700000
176000000
551000
123000000
4930000
23200000
14500000
1610000
163000
25800000
74200
34300000
1630000
243000
2640000
593000
36600000
197000000
62900000
131000
50200000
347000000
385000000
207000000
55500000
55400000
1600000000
17200
3480000
42200000
6620000
2470000
265000
3640000
9940000
225000000
1250000000
23100000
4570000
33200000
134000000
523000000
8990000
301000000
2520000
26800000
11200000
21500000
616000
1720000000
21300000
221000000
266000000
12300
24600000
550000000
120000000
22500000
556000
45300000
56700000
1460000
5500000
488000
83800000
376000
3550000
491000
8950000
19900000
163000000
833000000
22200
141000
617000000
172000
4130000000
298000
538000
1050000
19300
6650000
332000
960000
2450000000
7630000
27800
38100000
35200
4210000
5970000
16300000
524000
105000000
30300
3720
9240000
1150000000
211000000
324000
391000
109000000
5070000
28100000
496000
45800
8010000
26200000
156000000
201000000
404000
27400000
12940000000
242000000
5470000000
5320000000
225000000
12900000
441000000
942000
266000
32100000
1070000
357000
643000000
581000000
175000
1550000000
2730000000
9150000
2700000000
2200000
539000
4390000
156000000
6740000
426000000
87000000
5870000
216000
333000000
64800000
115000000
7550000000
5490000000
86200
10200000
24900000
27000000
210000000
1340000000
663000000
882000000
12200000
20800000
35700000
31100000
5960000
4270000
5610000000
392000
25300
607000
45400000
4010000
1450000000
11900000
12000000
5720000
130000
1530000000
1220000000
31700000
509000
22800000
1990000000
185000000
1740000
1080000
22300
138000
3040000
313000
430000
206000000
659000
709000
421000
184000000
